2094
2093
2092
2090
2089
2088
2085
2084
2083
2082
2080
2078
2074
2072
2071
2070
2066
2064
2063
2062
2061
2058
2057
2056
2053
2052
2051
2049
2048
2045
2044
2043
2042
2041
2038
2037
2036
2035
2034
2033
2032
2031
2030
2029
2028
2027
2026
2025
2024
2023
2017
2013
2012
2011
2010
2008
2005
2004
2002
2000
1999
1998
1995
1993
1992
1991
1990
1989
1988
1987
1985
1984
1983
1982
1981
1979
1976
1974
1973
1972
1971
1969
1958
1957
1956
1955
1953
1952
1951
1950
1948
1947
1946
1944
1942
1940
1939
1937
1935
1930
1928
1927
1924
1920
1919
1918
1917
1916
1915
1914
1913
1912
1911
1910
1908
1907
1906
1905
1903
1902
1901
1900
1899
1898
1895
1892
1891
1890
1889
1888
1887
1885
1884
1881
1877
1876
1873
1864
1863
1858
1857
1856
1855
1854
1846
1845
1844
1842
1841
1837
1836
1833
1832
1831
1830
1829
1828
1826
1825
1824
1823
1822
1821
1820
1819
1817
1816
1812
1811
1808
1805
1804
1802
1796
1795
1793
1791
1789
1788
1787
1786
1785
1784
1783
1782
1781
1779
1778
1777
1776
1775
1774
1773
1769
1767
1766
1765
1763
1762
1759
1758
1757
1756
1755
1754
1749
1747
1745
1744
1741
1740
1735
1733
1730
1729
1722
1721
1720
1719
1718
1717
1716
1715
1713
1712
1711
1709
1708
1707
1706
1705
1704
1700
1696
1695
1694
1693
1692
1690
1689
1687
1686
1685
1683
1681
1680
1679
1678
1677
1676
1675
1674
1673
1671
1669
1668
1667
1666
1665
1664
1663
1662
1661
1659
1658
1657
1656
1655
1654
1652
1651
1650
1649
1648
1647
1646
1645
1640
1638
1635
1634
1633
1632
1631
1630
1629
1628
1627
1626
1625
1624
1620
1619
1617
1615
1613
1612
1609
1607
1606
1604
1603
1602
1601
1600
1599
1598
1597
1596
1595
1594
1593
1592
1591
1590
1589
1587
1586
1585
1584
1583
1581
1580
1579
1578
1577
1576
1575
1574
1571
1570
1569
1567
1566
1565
1564
1563
1562
1561
1560
1559
1558
1556
1555
1553
1552
1551
1549
1548
1546
1545
1544
1542
1541
1540
1539
1538
1537
1534
1533
1532
1531
1530
1528
1527
1526
1525
1520
1519
1518
1517
1516
1515
1514
1512
1511
1509
1508
1507
1505
1502
1501
1499
1498
1497
1494
1493
1492
1491
1490
1489
1488
1486
1483
1481
1480
1478
1473
1472
1471
1470
1467
1466
1465
1463
1461
1460
1459
1458
1456
1455
1454
1453
1452
1451
1450
1449
1448
1447
1444
1442
1441
1439
1438
1437
1435
1434
1432
1429
1428
1424
1422
1420
1418
1416
1415
1413
1410
1407
1406
1405
1404
1403
1402
1401
1400
1397
1396
1394
1393
1392
1390
1389
1388
1387
1386
1385
1384
1383
1382
1381
1380
1379
1378
1377
1375
1373
1372
1371
1368
1367
1366
1364
1363
1360
1358
1357
1356
1355
1353
1351
1349
1347
1345
1344
1342
1340
1339
1338
1337
1333
1328
1326
1324
1323
1321
1320
1319
1318
1317
1314
1313
1312
1311
1307
1306
1304
1302
1301
1300
1298
1296
1294
1293
1291
1290
1287
1283
1282
1281
1280
1277
1275
1273
1272
1271
1269
1268
1266
1262
1261
1259
1255
1253
1250
1248
1247
1245
1243
1241
1240
1238
1237
1235
1233
1232
1231
1230
1229
1226
1224
1223
1222
1221
1220
1219
1218
1216
1212
1211
1210
1209
1208
1207
1206
1204
1203
1202
1201
1200
1198
1196
1195
1194
1191
1189
1186
1184
1183
1182
1181
1180
1179
1178
1177
1176
1175
1171
1169
1168
1166
1165
1164
1158
1157
1156
1155
1154
1150
1148
1147
1145
1144
1143
1142
1140
1139
1137
1136
1135
1134
1133
1132
1130
1129
1128
1127
1125
1123
1122
1121
1120
1119
1118
1117
1116
1115
1114
1113
1112
1111
1110
1109
1108
1107
1106
1103
1102
1101
1098
1097
1096
1095
1093
1092
1091
1090
1089
1088
1087
1084
1083
1080
1079
1078
1077
1073
1072
1071
1070
1069
1068
1066
1064
1063
1061
1060
1059
1058
1057
1056
1052
1051
1050
1049
1048
1047
1044
1041
1037
1036
1035
1034
1031
1029
1028
1024
1023
1022
1019
1018
1017
1015
1012
1011
1010
1009
1008
1007
1006
1005
1004
1001
1000
999
993
992
990
989
988
987
985
984
983
982
978
977
976
975
974
973
972
971
970
968
967
966
965
964
962
960
959
958
957
956
955
953
952
951
950
949
948
947
946
944
943
942
941
939
938
937
936
934
930
929
928
927
926
925
923
922
920
918
915
912
908
907
905
904
902
901
900
899
898
897
896
895
893
888
886
883
882
881
880
878
877
875
874
873
872
871
870
868
867
863
862
861
860
858
857
856
855
854
852
851
850
849
846
844
843
841
839
838
837
836
835
834
832
831
830
826
825
824
820
819
817
815
814
813
811
809
807
806
804
803
801
799
798
797
794
793
792
791
790
787
785
784
781
780
779
778
777
776
774
773
772
769
768
766
764
763
762
761
760
759
758
757
755
754
753
751
750
749
748
747
746
745
741
739
737
734
733
731
730
729
728
726
725
724
723
722
721
720
719
718
717
715
714
713
711
710
709
708
706
705
704
703
700
699
698
697
696
694
693
692
691
690
689
686
685
683
682
681
680
677
676
674
672
671
670
668
667
665
664
663
660
659
658
653
652
650
649
647
646
645
644
643
642
641
640
639
637
635
634
633
632
631
630
628
625
624
621
619
618
617
614
611
610
609
608
606
605
604
603
602
601
600
599
598
596
595
594
593
591
590
589
588
586
585
583
582
581
580
579
578
577
575
574
572
571
570
569
568
567
566
565
564
561
560
558
557
556
555
553
552
550
549
548
546
545
544
543
542
540
539
538
536
535
534
533
532
531
530
529
528
527
526
525
524
520
519
518
517
513
511
510
509
508
507
506
505
504
502
501
500
499
498
497
496
494
493
492
491
484
481
480
479
478
477
476
475
474
473
472
467
465
464
463
462
461
460
458
457
455
454
452
451
450
449
448
446
443
441
440
438
437
436
435
434
433
431
430
429
426
424
423
422
420
418
417
416
415
414
413
412
410
409
408
407
405
404
402
401
400
398
397
396
395
394
393
392
391
390
388
386
384
383
382
380
379
374
371
370
369
368
366
365
363
362
358
357
356
354
353
352
351
349
348
344
343
342
340
338
337
336
334
333
332
331
330
328
327
326
325
323
321
320
318
317
316
315
314
313
312
311
310
309
308
307
306
305
304
299
298
297
296
295
292
291
289
288
287
286
285
284
283
282
281
280
279
278
276
275
274
273
272
271
270
269
268
267
265
264
263
262
261
260
259
258
257
256
253
252
251
250
249
246
244
240
239
238
237
235
234
232
231
230
227
226
221
220
217
216
215
214
213
212
211
210
209
208
207
206
205
204
203
202
201
200
197
195
194
192
191
190
189
186
185
184
183
180
179
178
174
172
168
167
165
164
161
160
159
156
150
149
148
146
145
144
143
142
140
139
138
137
136
126
125
123
121
120
116
115
113
112
111
110
109
108
106
105
104
101
100
99
98
97
95
94
92
91
90
89
88
86
85
